116.405285	39.904989
117.190182	39.125596
114.502461	38.045474
118.175393	39.635113
119.586579	39.942531
114.490686	36.612273
114.508851	37.0682
115.482331	38.867657
114.884091	40.811901
117.939152	40.976204
116.857461	38.310582
116.704441	39.523927
115.665993	37.735097
112.549248	37.857014
113.295259	40.09031
113.583285	37.861188
113.113556	36.191112
112.851274	35.497553
112.433387	39.331261
112.736465	37.696495
111.003957	35.022778
112.733538	38.41769
111.517973	36.08415
111.134335	37.524366
111.670801	40.818311
109.840405	40.658168
106.825563	39.673734
118.956806	42.275317
122.263119	43.617429
109.99029	39.817179
119.758168	49.215333
107.416959	40.757402
113.114543	41.034126
122.070317	46.076268
116.090996	43.944018
105.706422	38.844814
123.429096	41.796767
121.618622	38.91459
122.995632	41.110626
123.921109	41.875956
123.770519	41.297909
124.383044	40.124296
121.135742	41.119269
122.235151	40.667432
121.648962	42.011796
123.18152	41.269402
120.451176	41.576758
122.06957	41.124484
123.844279	42.290585
120.856394	40.755572
125.3245	43.886841
126.55302	43.843577
124.370785	43.170344
125.145349	42.902692
125.936501	41.721177
126.427839	41.942505
124.823608	45.118243
122.841114	45.619026
129.513228	42.904823
126.642464	45.756967
123.95792	47.342081
130.975966	45.300046
130.277487	47.332085
131.157304	46.643442
125.11272	46.590734
128.899396	47.724775
130.361634	46.809606
131.015584	45.771266
129.618602	44.582962
127.499023	50.249585
126.99293	46.637393
124.711526	52.335262
121.472644	31.231706
118.767413	32.041544
120.301663	31.574729
117.184811	34.261792
119.946973	31.772752
120.619585	31.299379
120.864608	32.016212
119.178821	34.600018
119.021265	33.597506
120.139998	33.377631
119.421003	32.393159
119.452753	32.204402
119.915176	32.484882
118.275162	33.963008
120.153576	30.287459
121.549792	29.868388
120.672111	28.000575
120.750865	30.762653
120.102398	30.867198
120.582112	29.997117
119.649506	29.089524
118.87263	28.941708
122.106863	30.016028
121.428599	28.661378
119.921786	28.451993
117.283042	31.86119
118.376451	31.326319
117.363228	32.939667
117.018329	32.647574
118.507906	31.689362
116.794664	33.971707
117.816576	30.929935
117.043551	30.50883
118.317325	29.709239
118.316264	32.303627
115.819729	32.896969
116.984084	33.633891
116.507676	31.752889
115.782939	33.869338
117.489157	30.656037
118.757995	30.945667
119.306239	26.075302
118.11022	24.490474
119.007558	25.431011
117.635001	26.265444
118.589421	24.908853
117.661801	24.510897
118.178459	26.635627
117.02978	25.091603
119.527082	26.65924
115.892151	28.676493
117.214664	29.29256
113.852186	27.622946
115.992811	29.712034
114.930835	27.810834
117.033838	28.238638
114.940278	25.85097
114.986373	27.111699
114.391136	27.8043
116.358351	27.98385
117.971185	28.44442
117.000923	36.675807
120.355173	36.082982
118.047648	36.814939
117.557964	34.856424
118.66471	37.434564
121.391382	37.539297
119.107078	36.70925
116.587245	35.415393
117.129063	36.194968
122.116394	37.509691
119.461208	35.428588
118.326443	35.065282
116.307428	37.453968
115.980367	36.456013
118.016974	37.383542
115.469381	35.246531
113.665412	34.757975
114.341447	34.797049
112.434468	34.663041
113.307718	33.735241
114.352482	36.103442
114.295444	35.748236
113.883991	35.302616
113.238266	35.23904
115.041299	35.768234
113.826063	34.022956
114.026405	33.575855
111.194099	34.777338
112.540918	32.999082
115.650497	34.437054
114.075031	32.123274
114.649653	33.620357
114.024736	32.980169
114.298572	30.584355
115.077048	30.220074
110.787916	32.646907
111.290843	30.702636
112.144146	32.042426
114.890593	30.396536
112.204251	31.03542
113.926655	30.926423
112.23813	30.326857
114.879365	30.447711
114.328963	29.832798
113.37377	31.717497
109.48699	30.283114
112.982279	28.19409
113.151737	27.835806
112.944052	27.82973
112.607693	26.900358
111.46923	27.237842
113.132855	29.37029
111.691347	29.040225
110.479921	29.127401
112.355042	28.570066
113.032067	25.793589
111.608019	26.434516
109.97824	27.550082
112.008497	27.728136
109.739735	28.314296
113.280637	23.125178
113.591544	24.801322
114.085947	22.547
113.553986	22.224979
116.708463	23.37102
113.122717	23.028762
113.094942	22.590431
110.364977	21.274898
110.919229	21.659751
112.472529	23.051546
114.412599	23.079404
116.117582	24.299112
115.364238	22.774485
114.697802	23.746266
111.975107	21.859222
113.051227	23.685022
113.746262	23.046237
113.382391	22.521113
116.632301	23.661701
116.355733	23.543778
112.044439	22.929801
108.320004	22.82402
109.411703	24.314617
110.299121	25.274215
111.297604	23.474803
109.119254	21.473343
108.345478	21.614631
108.624175	21.967127
109.602146	23.0936
110.154393	22.63136
106.616285	23.897742
108.062105	24.695899
111.552056	24.414141
109.229772	23.733766
107.353926	22.404108
110.33119	20.031971
109.508268	18.247872
112.34882	16.831039
109.5128055	18.7774931
106.504962	29.533155
104.065735	30.659462
104.773447	29.352765
101.716007	26.580446
105.443348	28.889138
104.398651	31.127991
104.741722	31.46402
105.829757	32.433668
105.571331	30.513311
105.066138	29.58708
103.761263	29.582024
106.082974	30.795281
103.831788	30.048318
104.630825	28.760189
106.633369	30.456398
107.502262	31.209484
103.001033	29.987722
106.753669	31.858809
104.641917	30.122211
102.221374	31.899792
101.963815	30.050663
102.258746	27.886762
106.713478	26.578343
104.846743	26.584643
106.937265	27.706626
105.932188	26.245544
105.28501	27.301693
109.191555	27.718346
104.897971	25.08812
107.977488	26.583352
107.517156	26.258219
102.712251	25.040609
103.797851	25.501557
102.543907	24.350461
99.167133	25.111802
103.717216	27.336999
100.233026	26.872108
100.972344	22.777321
100.08697	23.886567
101.546046	25.041988
103.384182	23.366775
104.24401	23.36951
100.797941	22.001724
100.225668	25.589449
98.578363	24.436694
98.854304	25.850949
99.706463	27.826853
90.951328	29.4334892
87.1247718	28.661956
97.1789501	31.1408514
94.3602321	29.6510453
91.7599651	29.2284265
93.6799147	31.4821007
81.6158024	30.7749429
108.948024	34.263161
108.979608	34.916582
107.14487	34.369315
108.705117	34.333439
109.502882	34.499381
109.49081	36.596537
107.028621	33.077668
109.741193	38.290162
109.029273	32.6903
109.939776	33.868319
103.823557	36.058039
98.277304	39.786529
102.187888	38.514238
104.173606	36.54568
105.724998	34.578529
102.634697	37.929996
100.455472	38.932897
106.684691	35.54279
98.510795	39.744023
107.638372	35.734218
104.626294	35.579578
104.929379	33.388598
103.212006	35.599446
102.911008	34.986354
101.778916	36.623178
102.10327	36.502916
100.901059	36.959435
102.019988	35.517744
100.619542	36.280353
100.242143	34.4736
97.008522	33.004049
97.370785	37.374663
106.278179	38.46637
106.376173	39.01333
106.199409	37.986165
106.285241	36.004561
105.189568	37.514951
87.617733	43.792818
84.873946	45.595886
89.1840477	42.9400252
93.51316	42.833248
87.304012	44.014577
82.074778	44.903258
86.150969	41.768552
76.172825	39.713431
75.989138	39.467664
79.92533	37.110687
80.265068	41.170712
81.317946	43.92186
82.985732	46.746301
88.13963	47.848393